(kicad_pcb (version 20171130) (host pcbnew "(5.1.5)-3")

  (general
    (thickness 1.6)
    (drawings 0)
    (tracks 0)
    (zones 0)
    (modules 252)
    (nets 174)
  )

  (page A4)
  (layers
    (0 F.Cu signal)
    (31 B.Cu signal)
    (32 B.Adhes user)
    (33 F.Adhes user)
    (34 B.Paste user)
    (35 F.Paste user)
    (36 B.SilkS user)
    (37 F.SilkS user)
    (38 B.Mask user)
    (39 F.Mask user)
    (40 Dwgs.User user)
    (41 Cmts.User user)
    (42 Eco1.User user)
    (43 Eco2.User user)
    (44 Edge.Cuts user)
    (45 Margin user)
    (46 B.CrtYd user)
    (47 F.CrtYd user)
    (48 B.Fab user)
    (49 F.Fab user)
  )

  (setup
    (last_trace_width 0.25)
    (trace_clearance 0.2)
    (zone_clearance 0.508)
    (zone_45_only no)
    (trace_min 0.2)
    (via_size 0.8)
    (via_drill 0.4)
    (via_min_size 0.4)
    (via_min_drill 0.3)
    (uvia_size 0.3)
    (uvia_drill 0.1)
    (uvias_allowed no)
    (uvia_min_size 0.2)
    (uvia_min_drill 0.1)
    (edge_width 0.05)
    (segment_width 0.2)
    (pcb_text_width 0.3)
    (pcb_text_size 1.5 1.5)
    (mod_edge_width 0.12)
    (mod_text_size 1 1)
    (mod_text_width 0.15)
    (pad_size 1.524 1.524)
    (pad_drill 0.762)
    (pad_to_mask_clearance 0.051)
    (solder_mask_min_width 0.25)
    (aux_axis_origin 0 0)
    (visible_elements FFFFFF7F)
    (pcbplotparams
      (layerselection 0x010fc_ffffffff)
      (usegerberextensions false)
      (usegerberattributes false)
      (usegerberadvancedattributes false)
      (creategerberjobfile false)
      (excludeedgelayer true)
      (linewidth 0.100000)
      (plotframeref false)
      (viasonmask false)
      (mode 1)
      (useauxorigin false)
      (hpglpennumber 1)
      (hpglpenspeed 20)
      (hpglpendiameter 15.000000)
      (psnegative false)
      (psa4output false)
      (plotreference true)
      (plotvalue true)
      (plotinvisibletext false)
      (padsonsilk false)
      (subtractmaskfromsilk false)
      (outputformat 1)
      (mirror false)
      (drillshape 1)
      (scaleselection 1)
      (outputdirectory ""))
  )

  (net 0 "")
  (net 1 GND)
  (net 2 VCC)
  (net 3 VBUS)
  (net 4 "Net-(CherryMX1-Pad2)")
  (net 5 /switch/ROW1)
  (net 6 "Net-(CherryMX2-Pad2)")
  (net 7 /switch/ROW2)
  (net 8 /switch/ROW3)
  (net 9 "Net-(CherryMX3-Pad2)")
  (net 10 "Net-(CherryMX4-Pad2)")
  (net 11 /switch/ROW4)
  (net 12 /switch/ROW5)
  (net 13 "Net-(CherryMX5-Pad2)")
  (net 14 "Net-(CherryMX6-Pad2)")
  (net 15 "Net-(CherryMX7-Pad2)")
  (net 16 "Net-(CherryMX8-Pad2)")
  (net 17 "Net-(CherryMX9-Pad2)")
  (net 18 "Net-(CherryMX10-Pad2)")
  (net 19 "Net-(CherryMX11-Pad2)")
  (net 20 "Net-(CherryMX12-Pad2)")
  (net 21 "Net-(CherryMX13-Pad2)")
  (net 22 "Net-(CherryMX14-Pad2)")
  (net 23 "Net-(CherryMX15-Pad2)")
  (net 24 "Net-(CherryMX16-Pad2)")
  (net 25 "Net-(CherryMX17-Pad2)")
  (net 26 "Net-(CherryMX18-Pad2)")
  (net 27 "Net-(CherryMX19-Pad2)")
  (net 28 "Net-(CherryMX20-Pad2)")
  (net 29 "Net-(CherryMX21-Pad2)")
  (net 30 "Net-(CherryMX22-Pad2)")
  (net 31 "Net-(CherryMX23-Pad2)")
  (net 32 "Net-(CherryMX24-Pad2)")
  (net 33 "Net-(CherryMX25-Pad2)")
  (net 34 "Net-(CherryMX26-Pad2)")
  (net 35 "Net-(CherryMX27-Pad2)")
  (net 36 "Net-(CherryMX28-Pad2)")
  (net 37 "Net-(CherryMX29-Pad2)")
  (net 38 "Net-(CherryMX30-Pad2)")
  (net 39 "Net-(CherryMX31-Pad2)")
  (net 40 "Net-(CherryMX32-Pad2)")
  (net 41 "Net-(CherryMX33-Pad2)")
  (net 42 "Net-(CherryMX34-Pad2)")
  (net 43 "Net-(CherryMX35-Pad2)")
  (net 44 "Net-(CherryMX36-Pad2)")
  (net 45 "Net-(CherryMX37-Pad2)")
  (net 46 "Net-(CherryMX38-Pad2)")
  (net 47 "Net-(CherryMX39-Pad2)")
  (net 48 "Net-(CherryMX40-Pad2)")
  (net 49 "Net-(CherryMX41-Pad2)")
  (net 50 "Net-(CherryMX42-Pad2)")
  (net 51 "Net-(CherryMX43-Pad2)")
  (net 52 "Net-(CherryMX44-Pad2)")
  (net 53 "Net-(CherryMX45-Pad2)")
  (net 54 "Net-(CherryMX46-Pad2)")
  (net 55 "Net-(CherryMX47-Pad2)")
  (net 56 "Net-(CherryMX48-Pad2)")
  (net 57 "Net-(CherryMX49-Pad2)")
  (net 58 "Net-(CherryMX50-Pad2)")
  (net 59 "Net-(CherryMX51-Pad2)")
  (net 60 "Net-(CherryMX52-Pad2)")
  (net 61 "Net-(CherryMX53-Pad2)")
  (net 62 "Net-(CherryMX54-Pad2)")
  (net 63 "Net-(CherryMX55-Pad2)")
  (net 64 "Net-(CherryMX56-Pad2)")
  (net 65 "Net-(CherryMX57-Pad2)")
  (net 66 "Net-(CherryMX58-Pad2)")
  (net 67 "Net-(CherryMX59-Pad2)")
  (net 68 "Net-(CherryMX60-Pad2)")
  (net 69 "Net-(CherryMX61-Pad2)")
  (net 70 "Net-(CherryMX62-Pad2)")
  (net 71 "Net-(CherryMX63-Pad2)")
  (net 72 "Net-(CherryMX64-Pad2)")
  (net 73 "Net-(CherryMX65-Pad2)")
  (net 74 "Net-(CherryMX66-Pad2)")
  (net 75 "Net-(CherryMX67-Pad2)")
  (net 76 "Net-(CherryMX68-Pad2)")
  (net 77 /switch/COL14)
  (net 78 /switch/COL13)
  (net 79 /switch/COL12)
  (net 80 /switch/COL11)
  (net 81 /switch/COL10)
  (net 82 /switch/COL9)
  (net 83 /switch/COL8)
  (net 84 /switch/COL7)
  (net 85 /switch/COL6)
  (net 86 /switch/COL5)
  (net 87 /switch/COL4)
  (net 88 /switch/COL3)
  (net 89 /switch/COL2)
  (net 90 /switch/COL1)
  (net 91 /RGB/RGBmatrix2/ROW2)
  (net 92 /RGB/RGBmatrix2/ROW3)
  (net 93 /RGB/RGBmatrix2/COL1)
  (net 94 /RGB/RGBmatrix2/ROW1)
  (net 95 /RGB/RGBmatrix2/ROW5)
  (net 96 /RGB/RGBmatrix2/ROW6)
  (net 97 /RGB/RGBmatrix2/ROW4)
  (net 98 /RGB/RGBmatrix2/COL2)
  (net 99 /RGB/RGBmatrix2/COL3)
  (net 100 /RGB/RGBmatrix2/COL4)
  (net 101 /RGB/RGBmatrix2/COL5)
  (net 102 /RGB/RGBmatrix2/COL6)
  (net 103 /RGB/RGBmatrix2/COL7)
  (net 104 /RGB/RGBmatrix2/COL8)
  (net 105 /RGB/RGBmatrix2/COL9)
  (net 106 /RGB/RGBmatrix2/COL10)
  (net 107 /RGB/RGBmatrix2/COL11)
  (net 108 /RGB/RGBmatrix2/COL12)
  (net 109 /RGB/RGBmatrix2/COL13)
  (net 110 /RGB/RGBmatrix2/COL14)
  (net 111 /RGB/RGBmatrix2/COL15)
  (net 112 /RGB/RGBmatrix/ROW2)
  (net 113 /RGB/RGBmatrix/ROW3)
  (net 114 /RGB/RGBmatrix/COL1)
  (net 115 /RGB/RGBmatrix/ROW1)
  (net 116 /RGB/RGBmatrix/ROW4)
  (net 117 /RGB/RGBmatrix/ROW6)
  (net 118 /RGB/RGBmatrix/ROW5)
  (net 119 /RGB/RGBmatrix/ROW8)
  (net 120 /RGB/RGBmatrix/ROW9)
  (net 121 /RGB/RGBmatrix/ROW7)
  (net 122 /RGB/RGBmatrix/COL2)
  (net 123 /RGB/RGBmatrix/COL3)
  (net 124 /RGB/RGBmatrix/COL4)
  (net 125 /RGB/RGBmatrix/COL5)
  (net 126 /RGB/RGBmatrix/COL6)
  (net 127 /RGB/RGBmatrix/COL7)
  (net 128 /RGB/RGBmatrix/COL8)
  (net 129 /RGB/RGBmatrix/COL9)
  (net 130 /RGB/RGBmatrix/COL10)
  (net 131 /RGB/RGBmatrix/COL11)
  (net 132 /RGB/RGBmatrix/COL12)
  (net 133 /RGB/RGBmatrix/COL13)
  (net 134 /RGB/RGBmatrix/COL14)
  (net 135 /RGB/RGBmatrix/COL15)
  (net 136 "Net-(R15-Pad1)")
  (net 137 "Net-(R16-Pad1)")
  (net 138 /RGB/SDA)
  (net 139 /RGB/SCL)
  (net 140 "Net-(R19-Pad1)")
  (net 141 "Net-(R22-Pad1)")
  (net 142 /RGB/LED_EN_PIN)
  (net 143 "Net-(U1-PadRST)")
  (net 144 "Net-(U1-PadA13)")
  (net 145 "Net-(U1-PadA14)")
  (net 146 "Net-(U1-PadA3|5v)")
  (net 147 "Net-(U1-PadA2)")
  (net 148 "Net-(U1-PadDFU)")
  (net 149 "Net-(U1-PadA4)")
  (net 150 "Net-(U1-PadA5)")
  (net 151 "Net-(U1-PadCHRG)")
  (net 152 "Net-(U1-PadD-)")
  (net 153 "Net-(U1-PadD+)")
  (net 154 "Net-(U1-PadA9)")
  (net 155 "Net-(U1-PadA10)")
  (net 156 "Net-(U2-Pad1)")
  (net 157 "Net-(U2-Pad13)")
  (net 158 "Net-(U2-Pad14)")
  (net 159 "Net-(U2-Pad15)")
  (net 160 "Net-(U2-Pad33)")
  (net 161 "Net-(U2-Pad36)")
  (net 162 /RGB/SYNC)
  (net 163 "Net-(U2-Pad45)")
  (net 164 "Net-(U3-Pad45)")
  (net 165 "Net-(U3-Pad36)")
  (net 166 "Net-(U3-Pad33)")
  (net 167 "Net-(U3-Pad15)")
  (net 168 "Net-(U3-Pad14)")
  (net 169 "Net-(U3-Pad13)")
  (net 170 "Net-(U3-Pad11)")
  (net 171 "Net-(U3-Pad10)")
  (net 172 "Net-(U3-Pad9)")
  (net 173 "Net-(U3-Pad1)")

  (net_class Default 这是默认网络类。
    (clearance 0.2)
    (trace_width 0.25)
    (via_dia 0.8)
    (via_drill 0.4)
    (uvia_dia 0.3)
    (uvia_drill 0.1)
    (add_net /RGB/LED_EN_PIN)
    (add_net /RGB/RGBmatrix/COL1)
    (add_net /RGB/RGBmatrix/COL10)
    (add_net /RGB/RGBmatrix/COL11)
    (add_net /RGB/RGBmatrix/COL12)
    (add_net /RGB/RGBmatrix/COL13)
    (add_net /RGB/RGBmatrix/COL14)
    (add_net /RGB/RGBmatrix/COL15)
    (add_net /RGB/RGBmatrix/COL2)
    (add_net /RGB/RGBmatrix/COL3)
    (add_net /RGB/RGBmatrix/COL4)
    (add_net /RGB/RGBmatrix/COL5)
    (add_net /RGB/RGBmatrix/COL6)
    (add_net /RGB/RGBmatrix/COL7)
    (add_net /RGB/RGBmatrix/COL8)
    (add_net /RGB/RGBmatrix/COL9)
    (add_net /RGB/RGBmatrix/ROW1)
    (add_net /RGB/RGBmatrix/ROW2)
    (add_net /RGB/RGBmatrix/ROW3)
    (add_net /RGB/RGBmatrix/ROW4)
    (add_net /RGB/RGBmatrix/ROW5)
    (add_net /RGB/RGBmatrix/ROW6)
    (add_net /RGB/RGBmatrix/ROW7)
    (add_net /RGB/RGBmatrix/ROW8)
    (add_net /RGB/RGBmatrix/ROW9)
    (add_net /RGB/RGBmatrix2/COL1)
    (add_net /RGB/RGBmatrix2/COL10)
    (add_net /RGB/RGBmatrix2/COL11)
    (add_net /RGB/RGBmatrix2/COL12)
    (add_net /RGB/RGBmatrix2/COL13)
    (add_net /RGB/RGBmatrix2/COL14)
    (add_net /RGB/RGBmatrix2/COL15)
    (add_net /RGB/RGBmatrix2/COL2)
    (add_net /RGB/RGBmatrix2/COL3)
    (add_net /RGB/RGBmatrix2/COL4)
    (add_net /RGB/RGBmatrix2/COL5)
    (add_net /RGB/RGBmatrix2/COL6)
    (add_net /RGB/RGBmatrix2/COL7)
    (add_net /RGB/RGBmatrix2/COL8)
    (add_net /RGB/RGBmatrix2/COL9)
    (add_net /RGB/RGBmatrix2/ROW1)
    (add_net /RGB/RGBmatrix2/ROW2)
    (add_net /RGB/RGBmatrix2/ROW3)
    (add_net /RGB/RGBmatrix2/ROW4)
    (add_net /RGB/RGBmatrix2/ROW5)
    (add_net /RGB/RGBmatrix2/ROW6)
    (add_net /RGB/SCL)
    (add_net /RGB/SDA)
    (add_net /RGB/SYNC)
    (add_net /switch/COL1)
    (add_net /switch/COL10)
    (add_net /switch/COL11)
    (add_net /switch/COL12)
    (add_net /switch/COL13)
    (add_net /switch/COL14)
    (add_net /switch/COL2)
    (add_net /switch/COL3)
    (add_net /switch/COL4)
    (add_net /switch/COL5)
    (add_net /switch/COL6)
    (add_net /switch/COL7)
    (add_net /switch/COL8)
    (add_net /switch/COL9)
    (add_net /switch/ROW1)
    (add_net /switch/ROW2)
    (add_net /switch/ROW3)
    (add_net /switch/ROW4)
    (add_net /switch/ROW5)
    (add_net GND)
    (add_net "Net-(CherryMX1-Pad2)")
    (add_net "Net-(CherryMX10-Pad2)")
    (add_net "Net-(CherryMX11-Pad2)")
    (add_net "Net-(CherryMX12-Pad2)")
    (add_net "Net-(CherryMX13-Pad2)")
    (add_net "Net-(CherryMX14-Pad2)")
    (add_net "Net-(CherryMX15-Pad2)")
    (add_net "Net-(CherryMX16-Pad2)")
    (add_net "Net-(CherryMX17-Pad2)")
    (add_net "Net-(CherryMX18-Pad2)")
    (add_net "Net-(CherryMX19-Pad2)")
    (add_net "Net-(CherryMX2-Pad2)")
    (add_net "Net-(CherryMX20-Pad2)")
    (add_net "Net-(CherryMX21-Pad2)")
    (add_net "Net-(CherryMX22-Pad2)")
    (add_net "Net-(CherryMX23-Pad2)")
    (add_net "Net-(CherryMX24-Pad2)")
    (add_net "Net-(CherryMX25-Pad2)")
    (add_net "Net-(CherryMX26-Pad2)")
    (add_net "Net-(CherryMX27-Pad2)")
    (add_net "Net-(CherryMX28-Pad2)")
    (add_net "Net-(CherryMX29-Pad2)")
    (add_net "Net-(CherryMX3-Pad2)")
    (add_net "Net-(CherryMX30-Pad2)")
    (add_net "Net-(CherryMX31-Pad2)")
    (add_net "Net-(CherryMX32-Pad2)")
    (add_net "Net-(CherryMX33-Pad2)")
    (add_net "Net-(CherryMX34-Pad2)")
    (add_net "Net-(CherryMX35-Pad2)")
    (add_net "Net-(CherryMX36-Pad2)")
    (add_net "Net-(CherryMX37-Pad2)")
    (add_net "Net-(CherryMX38-Pad2)")
    (add_net "Net-(CherryMX39-Pad2)")
    (add_net "Net-(CherryMX4-Pad2)")
    (add_net "Net-(CherryMX40-Pad2)")
    (add_net "Net-(CherryMX41-Pad2)")
    (add_net "Net-(CherryMX42-Pad2)")
    (add_net "Net-(CherryMX43-Pad2)")
    (add_net "Net-(CherryMX44-Pad2)")
    (add_net "Net-(CherryMX45-Pad2)")
    (add_net "Net-(CherryMX46-Pad2)")
    (add_net "Net-(CherryMX47-Pad2)")
    (add_net "Net-(CherryMX48-Pad2)")
    (add_net "Net-(CherryMX49-Pad2)")
    (add_net "Net-(CherryMX5-Pad2)")
    (add_net "Net-(CherryMX50-Pad2)")
    (add_net "Net-(CherryMX51-Pad2)")
    (add_net "Net-(CherryMX52-Pad2)")
    (add_net "Net-(CherryMX53-Pad2)")
    (add_net "Net-(CherryMX54-Pad2)")
    (add_net "Net-(CherryMX55-Pad2)")
    (add_net "Net-(CherryMX56-Pad2)")
    (add_net "Net-(CherryMX57-Pad2)")
    (add_net "Net-(CherryMX58-Pad2)")
    (add_net "Net-(CherryMX59-Pad2)")
    (add_net "Net-(CherryMX6-Pad2)")
    (add_net "Net-(CherryMX60-Pad2)")
    (add_net "Net-(CherryMX61-Pad2)")
    (add_net "Net-(CherryMX62-Pad2)")
    (add_net "Net-(CherryMX63-Pad2)")
    (add_net "Net-(CherryMX64-Pad2)")
    (add_net "Net-(CherryMX65-Pad2)")
    (add_net "Net-(CherryMX66-Pad2)")
    (add_net "Net-(CherryMX67-Pad2)")
    (add_net "Net-(CherryMX68-Pad2)")
    (add_net "Net-(CherryMX7-Pad2)")
    (add_net "Net-(CherryMX8-Pad2)")
    (add_net "Net-(CherryMX9-Pad2)")
    (add_net "Net-(R15-Pad1)")
    (add_net "Net-(R16-Pad1)")
    (add_net "Net-(R19-Pad1)")
    (add_net "Net-(R22-Pad1)")
    (add_net "Net-(U1-PadA10)")
    (add_net "Net-(U1-PadA13)")
    (add_net "Net-(U1-PadA14)")
    (add_net "Net-(U1-PadA2)")
    (add_net "Net-(U1-PadA3|5v)")
    (add_net "Net-(U1-PadA4)")
    (add_net "Net-(U1-PadA5)")
    (add_net "Net-(U1-PadA9)")
    (add_net "Net-(U1-PadCHRG)")
    (add_net "Net-(U1-PadD+)")
    (add_net "Net-(U1-PadD-)")
    (add_net "Net-(U1-PadDFU)")
    (add_net "Net-(U1-PadRST)")
    (add_net "Net-(U2-Pad1)")
    (add_net "Net-(U2-Pad13)")
    (add_net "Net-(U2-Pad14)")
    (add_net "Net-(U2-Pad15)")
    (add_net "Net-(U2-Pad33)")
    (add_net "Net-(U2-Pad36)")
    (add_net "Net-(U2-Pad45)")
    (add_net "Net-(U3-Pad1)")
    (add_net "Net-(U3-Pad10)")
    (add_net "Net-(U3-Pad11)")
    (add_net "Net-(U3-Pad13)")
    (add_net "Net-(U3-Pad14)")
    (add_net "Net-(U3-Pad15)")
    (add_net "Net-(U3-Pad33)")
    (add_net "Net-(U3-Pad36)")
    (add_net "Net-(U3-Pad45)")
    (add_net "Net-(U3-Pad9)")
    (add_net VBUS)
    (add_net VCC)
  )

  (module Capacitor_SMD:C_0603_1608Metric_Pad1.05x0.95mm_HandSolder (layer F.Cu) (tedit 5B301BBE) (tstamp 5E0D9F27)
    (at 246.195001 74.495001)
    (descr "Capacitor SMD 0603 (1608 Metric), square (rectangular) end terminal, IPC_7351 nominal with elongated pad for handsoldering. (Body size source: http://www.tortai-tech.com/upload/download/2011102023233369053.pdf), generated with kicad-footprint-generator")
    (tags "capacitor handsolder")
    (path /5EC33E3D/5E39D02A)
    (attr smd)
    (fp_text reference C1 (at 0 -1.43) (layer F.SilkS)
      (effects (font (size 1 1) (thickness 0.15)))
    )
    (fp_text value 0.47μF (at 0 1.43) (layer F.Fab)
      (effects (font (size 1 1) (thickness 0.15)))
    )
    (fp_line (start -0.8 0.4) (end -0.8 -0.4) (layer F.Fab) (width 0.1))
    (fp_line (start -0.8 -0.4) (end 0.8 -0.4) (layer F.Fab) (width 0.1))
    (fp_line (start 0.8 -0.4) (end 0.8 0.4) (layer F.Fab) (width 0.1))
    (fp_line (start 0.8 0.4) (end -0.8 0.4) (layer F.Fab) (width 0.1))
    (fp_line (start -0.171267 -0.51) (end 0.171267 -0.51) (layer F.SilkS) (width 0.12))
    (fp_line (start -0.171267 0.51) (end 0.171267 0.51) (layer F.SilkS) (width 0.12))
    (fp_line (start -1.65 0.73) (end -1.65 -0.73) (layer F.CrtYd) (width 0.05))
    (fp_line (start -1.65 -0.73) (end 1.65 -0.73) (layer F.CrtYd) (width 0.05))
    (fp_line (start 1.65 -0.73) (end 1.65 0.73) (layer F.CrtYd) (width 0.05))
    (fp_line (start 1.65 0.73) (end -1.65 0.73) (layer F.CrtYd) (width 0.05))
    (fp_text user %R (at 0 0) (layer F.Fab)
      (effects (font (size 0.4 0.4) (thickness 0.06)))
    )
    (pad 1 smd roundrect (at -0.875 0) (size 1.05 0.95) (layers F.Cu F.Paste F.Mask) (roundrect_rratio 0.25)
      (net 1 GND))
    (pad 2 smd roundrect (at 0.875 0) (size 1.05 0.95) (layers F.Cu F.Paste F.Mask) (roundrect_rratio 0.25)
      (net 2 VCC))
    (model ${KISYS3DMOD}/Capacitor_SMD.3dshapes/C_0603_1608Metric.wrl
      (at (xyz 0 0 0))
      (scale (xyz 1 1 1))
      (rotate (xyz 0 0 0))
    )
  )

  (module Capacitor_SMD:C_0603_1608Metric_Pad1.05x0.95mm_HandSolder (layer F.Cu) (tedit 5B301BBE) (tstamp 5E0D9F38)
    (at 259.245001 70.145001)
    (descr "Capacitor SMD 0603 (1608 Metric), square (rectangular) end terminal, IPC_7351 nominal with elongated pad for handsoldering. (Body size source: http://www.tortai-tech.com/upload/download/2011102023233369053.pdf), generated with kicad-footprint-generator")
    (tags "capacitor handsolder")
    (path /5EC33E3D/5E406F19)
    (attr smd)
    (fp_text reference C2 (at 0 -1.43) (layer F.SilkS)
      (effects (font (size 1 1) (thickness 0.15)))
    )
    (fp_text value 0.47μF (at 0 1.43) (layer F.Fab)
      (effects (font (size 1 1) (thickness 0.15)))
    )
    (fp_line (start -0.8 0.4) (end -0.8 -0.4) (layer F.Fab) (width 0.1))
    (fp_line (start -0.8 -0.4) (end 0.8 -0.4) (layer F.Fab) (width 0.1))
    (fp_line (start 0.8 -0.4) (end 0.8 0.4) (layer F.Fab) (width 0.1))
    (fp_line (start 0.8 0.4) (end -0.8 0.4) (layer F.Fab) (width 0.1))
    (fp_line (start -0.171267 -0.51) (end 0.171267 -0.51) (layer F.SilkS) (width 0.12))
    (fp_line (start -0.171267 0.51) (end 0.171267 0.51) (layer F.SilkS) (width 0.12))
    (fp_line (start -1.65 0.73) (end -1.65 -0.73) (layer F.CrtYd) (width 0.05))
    (fp_line (start -1.65 -0.73) (end 1.65 -0.73) (layer F.CrtYd) (width 0.05))
    (fp_line (start 1.65 -0.73) (end 1.65 0.73) (layer F.CrtYd) (width 0.05))
    (fp_line (start 1.65 0.73) (end -1.65 0.73) (layer F.CrtYd) (width 0.05))
    (fp_text user %R (at 0 0) (layer F.Fab)
      (effects (font (size 0.4 0.4) (thickness 0.06)))
    )
    (pad 1 smd roundrect (at -0.875 0) (size 1.05 0.95) (layers F.Cu F.Paste F.Mask) (roundrect_rratio 0.25)
      (net 1 GND))
    (pad 2 smd roundrect (at 0.875 0) (size 1.05 0.95) (layers F.Cu F.Paste F.Mask) (roundrect_rratio 0.25)
      (net 2 VCC))
    (model ${KISYS3DMOD}/Capacitor_SMD.3dshapes/C_0603_1608Metric.wrl
      (at (xyz 0 0 0))
      (scale (xyz 1 1 1))
      (rotate (xyz 0 0 0))
    )
  )

  (module Capacitor_Tantalum_SMD:CP_EIA-3528-12_Kemet-T_Pad1.50x2.35mm_HandSolder (layer F.Cu) (tedit 5B342532) (tstamp 5E0D9F4B)
    (at 247.215001 68.555001)
    (descr "Tantalum Capacitor SMD Kemet-T (3528-12 Metric), IPC_7351 nominal, (Body size from: http://www.kemet.com/Lists/ProductCatalog/Attachments/253/KEM_TC101_STD.pdf), generated with kicad-footprint-generator")
    (tags "capacitor tantalum")
    (path /5EC33E3D/5E6C50D8)
    (attr smd)
    (fp_text reference C3 (at 0 -2.35) (layer F.SilkS)
      (effects (font (size 1 1) (thickness 0.15)))
    )
    (fp_text value 22μF/10V (at 0 2.35) (layer F.Fab)
      (effects (font (size 1 1) (thickness 0.15)))
    )
    (fp_text user %R (at 0 0) (layer F.Fab)
      (effects (font (size 0.88 0.88) (thickness 0.13)))
    )
    (fp_line (start 2.62 1.65) (end -2.62 1.65) (layer F.CrtYd) (width 0.05))
    (fp_line (start 2.62 -1.65) (end 2.62 1.65) (layer F.CrtYd) (width 0.05))
    (fp_line (start -2.62 -1.65) (end 2.62 -1.65) (layer F.CrtYd) (width 0.05))
    (fp_line (start -2.62 1.65) (end -2.62 -1.65) (layer F.CrtYd) (width 0.05))
    (fp_line (start -2.635 1.51) (end 1.75 1.51) (layer F.SilkS) (width 0.12))
    (fp_line (start -2.635 -1.51) (end -2.635 1.51) (layer F.SilkS) (width 0.12))
    (fp_line (start 1.75 -1.51) (end -2.635 -1.51) (layer F.SilkS) (width 0.12))
    (fp_line (start 1.75 1.4) (end 1.75 -1.4) (layer F.Fab) (width 0.1))
    (fp_line (start -1.75 1.4) (end 1.75 1.4) (layer F.Fab) (width 0.1))
    (fp_line (start -1.75 -0.7) (end -1.75 1.4) (layer F.Fab) (width 0.1))
    (fp_line (start -1.05 -1.4) (end -1.75 -0.7) (layer F.Fab) (width 0.1))
    (fp_line (start 1.75 -1.4) (end -1.05 -1.4) (layer F.Fab) (width 0.1))
    (pad 2 smd roundrect (at 1.625 0) (size 1.5 2.35) (layers F.Cu F.Paste F.Mask) (roundrect_rratio 0.166667)
      (net 1 GND))
    (pad 1 smd roundrect (at -1.625 0) (size 1.5 2.35) (layers F.Cu F.Paste F.Mask) (roundrect_rratio 0.166667)
      (net 3 VBUS))
    (model ${KISYS3DMOD}/Capacitor_Tantalum_SMD.3dshapes/CP_EIA-3528-12_Kemet-T.wrl
      (at (xyz 0 0 0))
      (scale (xyz 1 1 1))
      (rotate (xyz 0 0 0))
    )
  )

  (module Capacitor_SMD:C_0603_1608Metric_Pad1.05x0.95mm_HandSolder (layer F.Cu) (tedit 5B301BBE) (tstamp 5E0D9F5C)
    (at 250.545001 71.985001)
    (descr "Capacitor SMD 0603 (1608 Metric), square (rectangular) end terminal, IPC_7351 nominal with elongated pad for handsoldering. (Body size source: http://www.tortai-tech.com/upload/download/2011102023233369053.pdf), generated with kicad-footprint-generator")
    (tags "capacitor handsolder")
    (path /5EC33E3D/5E487680)
    (attr smd)
    (fp_text reference C4 (at 0 -1.43) (layer F.SilkS)
      (effects (font (size 1 1) (thickness 0.15)))
    )
    (fp_text value 0.47μF (at 0 1.43) (layer F.Fab)
      (effects (font (size 1 1) (thickness 0.15)))
    )
    (fp_text user %R (at 0 0) (layer F.Fab)
      (effects (font (size 0.4 0.4) (thickness 0.06)))
    )
    (fp_line (start 1.65 0.73) (end -1.65 0.73) (layer F.CrtYd) (width 0.05))
    (fp_line (start 1.65 -0.73) (end 1.65 0.73) (layer F.CrtYd) (width 0.05))
    (fp_line (start -1.65 -0.73) (end 1.65 -0.73) (layer F.CrtYd) (width 0.05))
    (fp_line (start -1.65 0.73) (end -1.65 -0.73) (layer F.CrtYd) (width 0.05))
    (fp_line (start -0.171267 0.51) (end 0.171267 0.51) (layer F.SilkS) (width 0.12))
    (fp_line (start -0.171267 -0.51) (end 0.171267 -0.51) (layer F.SilkS) (width 0.12))
    (fp_line (start 0.8 0.4) (end -0.8 0.4) (layer F.Fab) (width 0.1))
    (fp_line (start 0.8 -0.4) (end 0.8 0.4) (layer F.Fab) (width 0.1))
    (fp_line (start -0.8 -0.4) (end 0.8 -0.4) (layer F.Fab) (width 0.1))
    (fp_line (start -0.8 0.4) (end -0.8 -0.4) (layer F.Fab) (width 0.1))
    (pad 2 smd roundrect (at 0.875 0) (size 1.05 0.95) (layers F.Cu F.Paste F.Mask) (roundrect_rratio 0.25)
      (net 1 GND))
    (pad 1 smd roundrect (at -0.875 0) (size 1.05 0.95) (layers F.Cu F.Paste F.Mask) (roundrect_rratio 0.25)
      (net 3 VBUS))
    (model ${KISYS3DMOD}/Capacitor_SMD.3dshapes/C_0603_1608Metric.wrl
      (at (xyz 0 0 0))
      (scale (xyz 1 1 1))
      (rotate (xyz 0 0 0))
    )
  )

  (module Capacitor_SMD:C_0603_1608Metric_Pad1.05x0.95mm_HandSolder (layer F.Cu) (tedit 5B301BBE) (tstamp 5E0D9F6D)
    (at 246.195001 77.005001)
    (descr "Capacitor SMD 0603 (1608 Metric), square (rectangular) end terminal, IPC_7351 nominal with elongated pad for handsoldering. (Body size source: http://www.tortai-tech.com/upload/download/2011102023233369053.pdf), generated with kicad-footprint-generator")
    (tags "capacitor handsolder")
    (path /5EC33E3D/5E487674)
    (attr smd)
    (fp_text reference C5 (at 0 -1.43) (layer F.SilkS)
      (effects (font (size 1 1) (thickness 0.15)))
    )
    (fp_text value 0.1μF (at 0 1.43) (layer F.Fab)
      (effects (font (size 1 1) (thickness 0.15)))
    )
    (fp_line (start -0.8 0.4) (end -0.8 -0.4) (layer F.Fab) (width 0.1))
    (fp_line (start -0.8 -0.4) (end 0.8 -0.4) (layer F.Fab) (width 0.1))
    (fp_line (start 0.8 -0.4) (end 0.8 0.4) (layer F.Fab) (width 0.1))
    (fp_line (start 0.8 0.4) (end -0.8 0.4) (layer F.Fab) (width 0.1))
    (fp_line (start -0.171267 -0.51) (end 0.171267 -0.51) (layer F.SilkS) (width 0.12))
    (fp_line (start -0.171267 0.51) (end 0.171267 0.51) (layer F.SilkS) (width 0.12))
    (fp_line (start -1.65 0.73) (end -1.65 -0.73) (layer F.CrtYd) (width 0.05))
    (fp_line (start -1.65 -0.73) (end 1.65 -0.73) (layer F.CrtYd) (width 0.05))
    (fp_line (start 1.65 -0.73) (end 1.65 0.73) (layer F.CrtYd) (width 0.05))
    (fp_line (start 1.65 0.73) (end -1.65 0.73) (layer F.CrtYd) (width 0.05))
    (fp_text user %R (at 0 0) (layer F.Fab)
      (effects (font (size 0.4 0.4) (thickness 0.06)))
    )
    (pad 1 smd roundrect (at -0.875 0) (size 1.05 0.95) (layers F.Cu F.Paste F.Mask) (roundrect_rratio 0.25)
      (net 3 VBUS))
    (pad 2 smd roundrect (at 0.875 0) (size 1.05 0.95) (layers F.Cu F.Paste F.Mask) (roundrect_rratio 0.25)
      (net 1 GND))
    (model ${KISYS3DMOD}/Capacitor_SMD.3dshapes/C_0603_1608Metric.wrl
      (at (xyz 0 0 0))
      (scale (xyz 1 1 1))
      (rotate (xyz 0 0 0))
    )
  )

  (module Capacitor_SMD:C_0603_1608Metric_Pad1.05x0.95mm_HandSolder (layer F.Cu) (tedit 5B301BBE) (tstamp 5E0D9F7E)
    (at 258.875001 67.635001)
    (descr "Capacitor SMD 0603 (1608 Metric), square (rectangular) end terminal, IPC_7351 nominal with elongated pad for handsoldering. (Body size source: http://www.tortai-tech.com/upload/download/2011102023233369053.pdf), generated with kicad-footprint-generator")
    (tags "capacitor handsolder")
    (path /5EC33E3D/5E487668)
    (attr smd)
    (fp_text reference C6 (at 0 -1.43) (layer F.SilkS)
      (effects (font (size 1 1) (thickness 0.15)))
    )
    (fp_text value 0.47μF (at 0 1.43) (layer F.Fab)
      (effects (font (size 1 1) (thickness 0.15)))
    )
    (fp_text user %R (at 0 0) (layer F.Fab)
      (effects (font (size 0.4 0.4) (thickness 0.06)))
    )
    (fp_line (start 1.65 0.73) (end -1.65 0.73) (layer F.CrtYd) (width 0.05))
    (fp_line (start 1.65 -0.73) (end 1.65 0.73) (layer F.CrtYd) (width 0.05))
    (fp_line (start -1.65 -0.73) (end 1.65 -0.73) (layer F.CrtYd) (width 0.05))
    (fp_line (start -1.65 0.73) (end -1.65 -0.73) (layer F.CrtYd) (width 0.05))
    (fp_line (start -0.171267 0.51) (end 0.171267 0.51) (layer F.SilkS) (width 0.12))
    (fp_line (start -0.171267 -0.51) (end 0.171267 -0.51) (layer F.SilkS) (width 0.12))
    (fp_line (start 0.8 0.4) (end -0.8 0.4) (layer F.Fab) (width 0.1))
    (fp_line (start 0.8 -0.4) (end 0.8 0.4) (layer F.Fab) (width 0.1))
    (fp_line (start -0.8 -0.4) (end 0.8 -0.4) (layer F.Fab) (width 0.1))
    (fp_line (start -0.8 0.4) (end -0.8 -0.4) (layer F.Fab) (width 0.1))
    (pad 2 smd roundrect (at 0.875 0) (size 1.05 0.95) (layers F.Cu F.Paste F.Mask) (roundrect_rratio 0.25)
      (net 1 GND))
    (pad 1 smd roundrect (at -0.875 0) (size 1.05 0.95) (layers F.Cu F.Paste F.Mask) (roundrect_rratio 0.25)
      (net 3 VBUS))
    (model ${KISYS3DMOD}/Capacitor_SMD.3dshapes/C_0603_1608Metric.wrl
      (at (xyz 0 0 0))
      (scale (xyz 1 1 1))
      (rotate (xyz 0 0 0))
    )
  )

  (module Capacitor_SMD:C_0603_1608Metric_Pad1.05x0.95mm_HandSolder (layer F.Cu) (tedit 5B301BBE) (tstamp 5E0D9F8F)
    (at 246.195001 79.515001)
    (descr "Capacitor SMD 0603 (1608 Metric), square (rectangular) end terminal, IPC_7351 nominal with elongated pad for handsoldering. (Body size source: http://www.tortai-tech.com/upload/download/2011102023233369053.pdf), generated with kicad-footprint-generator")
    (tags "capacitor handsolder")
    (path /5EC33E3D/5E48765C)
    (attr smd)
    (fp_text reference C7 (at 0 -1.43) (layer F.SilkS)
      (effects (font (size 1 1) (thickness 0.15)))
    )
    (fp_text value 0.1μF (at 0 1.43) (layer F.Fab)
      (effects (font (size 1 1) (thickness 0.15)))
    )
    (fp_line (start -0.8 0.4) (end -0.8 -0.4) (layer F.Fab) (width 0.1))
    (fp_line (start -0.8 -0.4) (end 0.8 -0.4) (layer F.Fab) (width 0.1))
    (fp_line (start 0.8 -0.4) (end 0.8 0.4) (layer F.Fab) (width 0.1))
    (fp_line (start 0.8 0.4) (end -0.8 0.4) (layer F.Fab) (width 0.1))
    (fp_line (start -0.171267 -0.51) (end 0.171267 -0.51) (layer F.SilkS) (width 0.12))
    (fp_line (start -0.171267 0.51) (end 0.171267 0.51) (layer F.SilkS) (width 0.12))
    (fp_line (start -1.65 0.73) (end -1.65 -0.73) (layer F.CrtYd) (width 0.05))
    (fp_line (start -1.65 -0.73) (end 1.65 -0.73) (layer F.CrtYd) (width 0.05))
    (fp_line (start 1.65 -0.73) (end 1.65 0.73) (layer F.CrtYd) (width 0.05))
    (fp_line (start 1.65 0.73) (end -1.65 0.73) (layer F.CrtYd) (width 0.05))
    (fp_text user %R (at 0 0) (layer F.Fab)
      (effects (font (size 0.4 0.4) (thickness 0.06)))
    )
    (pad 1 smd roundrect (at -0.875 0) (size 1.05 0.95) (layers F.Cu F.Paste F.Mask) (roundrect_rratio 0.25)
      (net 3 VBUS))
    (pad 2 smd roundrect (at 0.875 0) (size 1.05 0.95) (layers F.Cu F.Paste F.Mask) (roundrect_rratio 0.25)
      (net 1 GND))
    (model ${KISYS3DMOD}/Capacitor_SMD.3dshapes/C_0603_1608Metric.wrl
      (at (xyz 0 0 0))
      (scale (xyz 1 1 1))
      (rotate (xyz 0 0 0))
    )
  )

  (module Capacitor_SMD:C_0603_1608Metric_Pad1.05x0.95mm_HandSolder (layer F.Cu) (tedit 5B301BBE) (tstamp 5E0D9FA0)
    (at 250.545001 74.495001)
    (descr "Capacitor SMD 0603 (1608 Metric), square (rectangular) end terminal, IPC_7351 nominal with elongated pad for handsoldering. (Body size source: http://www.tortai-tech.com/upload/download/2011102023233369053.pdf), generated with kicad-footprint-generator")
    (tags "capacitor handsolder")
    (path /5EC33E3D/5E487698)
    (attr smd)
    (fp_text reference C8 (at 0 -1.43) (layer F.SilkS)
      (effects (font (size 1 1) (thickness 0.15)))
    )
    (fp_text value 0.47μF (at 0 1.43) (layer F.Fab)
      (effects (font (size 1 1) (thickness 0.15)))
    )
    (fp_text user %R (at 0 0) (layer F.Fab)
      (effects (font (size 0.4 0.4) (thickness 0.06)))
    )
    (fp_line (start 1.65 0.73) (end -1.65 0.73) (layer F.CrtYd) (width 0.05))
    (fp_line (start 1.65 -0.73) (end 1.65 0.73) (layer F.CrtYd) (width 0.05))
    (fp_line (start -1.65 -0.73) (end 1.65 -0.73) (layer F.CrtYd) (width 0.05))
    (fp_line (start -1.65 0.73) (end -1.65 -0.73) (layer F.CrtYd) (width 0.05))
    (fp_line (start -0.171267 0.51) (end 0.171267 0.51) (layer F.SilkS) (width 0.12))
    (fp_line (start -0.171267 -0.51) (end 0.171267 -0.51) (layer F.SilkS) (width 0.12))
    (fp_line (start 0.8 0.4) (end -0.8 0.4) (layer F.Fab) (width 0.1))
    (fp_line (start 0.8 -0.4) (end 0.8 0.4) (layer F.Fab) (width 0.1))
    (fp_line (start -0.8 -0.4) (end 0.8 -0.4) (layer F.Fab) (width 0.1))
    (fp_line (start -0.8 0.4) (end -0.8 -0.4) (layer F.Fab) (width 0.1))
    (pad 2 smd roundrect (at 0.875 0) (size 1.05 0.95) (layers F.Cu F.Paste F.Mask) (roundrect_rratio 0.25)
      (net 1 GND))
    (pad 1 smd roundrect (at -0.875 0) (size 1.05 0.95) (layers F.Cu F.Paste F.Mask) (roundrect_rratio 0.25)
      (net 3 VBUS))
    (model ${KISYS3DMOD}/Capacitor_SMD.3dshapes/C_0603_1608Metric.wrl
      (at (xyz 0 0 0))
      (scale (xyz 1 1 1))
      (rotate (xyz 0 0 0))
    )
  )

  (module Capacitor_SMD:C_0603_1608Metric_Pad1.05x0.95mm_HandSolder (layer F.Cu) (tedit 5B301BBE) (tstamp 5E0D9FB1)
    (at 246.195001 71.985001)
    (descr "Capacitor SMD 0603 (1608 Metric), square (rectangular) end terminal, IPC_7351 nominal with elongated pad for handsoldering. (Body size source: http://www.tortai-tech.com/upload/download/2011102023233369053.pdf), generated with kicad-footprint-generator")
    (tags "capacitor handsolder")
    (path /5EC33E3D/5E48768C)
    (attr smd)
    (fp_text reference C9 (at 0 -1.43) (layer F.SilkS)
      (effects (font (size 1 1) (thickness 0.15)))
    )
    (fp_text value 0.1μF (at 0 1.43) (layer F.Fab)
      (effects (font (size 1 1) (thickness 0.15)))
    )
    (fp_line (start -0.8 0.4) (end -0.8 -0.4) (layer F.Fab) (width 0.1))
    (fp_line (start -0.8 -0.4) (end 0.8 -0.4) (layer F.Fab) (width 0.1))
    (fp_line (start 0.8 -0.4) (end 0.8 0.4) (layer F.Fab) (width 0.1))
    (fp_line (start 0.8 0.4) (end -0.8 0.4) (layer F.Fab) (width 0.1))
    (fp_line (start -0.171267 -0.51) (end 0.171267 -0.51) (layer F.SilkS) (width 0.12))
    (fp_line (start -0.171267 0.51) (end 0.171267 0.51) (layer F.SilkS) (width 0.12))
    (fp_line (start -1.65 0.73) (end -1.65 -0.73) (layer F.CrtYd) (width 0.05))
    (fp_line (start -1.65 -0.73) (end 1.65 -0.73) (layer F.CrtYd) (width 0.05))
    (fp_line (start 1.65 -0.73) (end 1.65 0.73) (layer F.CrtYd) (width 0.05))
    (fp_line (start 1.65 0.73) (end -1.65 0.73) (layer F.CrtYd) (width 0.05))
    (fp_text user %R (at 0 0) (layer F.Fab)
      (effects (font (size 0.4 0.4) (thickness 0.06)))
    )
    (pad 1 smd roundrect (at -0.875 0) (size 1.05 0.95) (layers F.Cu F.Paste F.Mask) (roundrect_rratio 0.25)
      (net 3 VBUS))
    (pad 2 smd roundrect (at 0.875 0) (size 1.05 0.95) (layers F.Cu F.Paste F.Mask) (roundrect_rratio 0.25)
      (net 1 GND))
    (model ${KISYS3DMOD}/Capacitor_SMD.3dshapes/C_0603_1608Metric.wrl
      (at (xyz 0 0 0))
      (scale (xyz 1 1 1))
      (rotate (xyz 0 0 0))
    )
  )

  (module Capacitor_Tantalum_SMD:CP_EIA-3528-12_Kemet-T_Pad1.50x2.35mm_HandSolder (layer F.Cu) (tedit 5B342532) (tstamp 5E0D9FC4)
    (at 253.555001 68.555001)
    (descr "Tantalum Capacitor SMD Kemet-T (3528-12 Metric), IPC_7351 nominal, (Body size from: http://www.kemet.com/Lists/ProductCatalog/Attachments/253/KEM_TC101_STD.pdf), generated with kicad-footprint-generator")
    (tags "capacitor tantalum")
    (path /5EC33E3D/5E475E34)
    (attr smd)
    (fp_text reference C10 (at 0 -2.35) (layer F.SilkS)
      (effects (font (size 1 1) (thickness 0.15)))
    )
    (fp_text value 22μF/10V (at 0 2.35) (layer F.Fab)
      (effects (font (size 1 1) (thickness 0.15)))
    )
    (fp_line (start 1.75 -1.4) (end -1.05 -1.4) (layer F.Fab) (width 0.1))
    (fp_line (start -1.05 -1.4) (end -1.75 -0.7) (layer F.Fab) (width 0.1))
    (fp_line (start -1.75 -0.7) (end -1.75 1.4) (layer F.Fab) (width 0.1))
    (fp_line (start -1.75 1.4) (end 1.75 1.4) (layer F.Fab) (width 0.1))
    (fp_line (start 1.75 1.4) (end 1.75 -1.4) (layer F.Fab) (width 0.1))
    (fp_line (start 1.75 -1.51) (end -2.635 -1.51) (layer F.SilkS) (width 0.12))
    (fp_line (start -2.635 -1.51) (end -2.635 1.51) (layer F.SilkS) (width 0.12))
    (fp_line (start -2.635 1.51) (end 1.75 1.51) (layer F.SilkS) (width 0.12))
    (fp_line (start -2.62 1.65) (end -2.62 -1.65) (layer F.CrtYd) (width 0.05))
    (fp_line (start -2.62 -1.65) (end 2.62 -1.65) (layer F.CrtYd) (width 0.05))
    (fp_line (start 2.62 -1.65) (end 2.62 1.65) (layer F.CrtYd) (width 0.05))
    (fp_line (start 2.62 1.65) (end -2.62 1.65) (layer F.CrtYd) (width 0.05))
    (fp_text user %R (at 0 0) (layer F.Fab)
      (effects (font (size 0.88 0.88) (thickness 0.13)))
    )
    (pad 1 smd roundrect (at -1.625 0) (size 1.5 2.35) (layers F.Cu F.Paste F.Mask) (roundrect_rratio 0.166667)
      (net 3 VBUS))
    (pad 2 smd roundrect (at 1.625 0) (size 1.5 2.35) (layers F.Cu F.Paste F.Mask) (roundrect_rratio 0.166667)
      (net 1 GND))
    (model ${KISYS3DMOD}/Capacitor_Tantalum_SMD.3dshapes/CP_EIA-3528-12_Kemet-T.wrl
      (at (xyz 0 0 0))
      (scale (xyz 1 1 1))
      (rotate (xyz 0 0 0))
    )
  )

  (module Capacitor_SMD:C_0603_1608Metric_Pad1.05x0.95mm_HandSolder (layer F.Cu) (tedit 5B301BBE) (tstamp 5E0D9FD5)
    (at 254.895001 71.985001)
    (descr "Capacitor SMD 0603 (1608 Metric), square (rectangular) end terminal, IPC_7351 nominal with elongated pad for handsoldering. (Body size source: http://www.tortai-tech.com/upload/download/2011102023233369053.pdf), generated with kicad-footprint-generator")
    (tags "capacitor handsolder")
    (path /5EC33E3D/5E45D2C4)
    (attr smd)
    (fp_text reference C11 (at 0 -1.43) (layer F.SilkS)
      (effects (font (size 1 1) (thickness 0.15)))
    )
    (fp_text value 0.47μF (at 0 1.43) (layer F.Fab)
      (effects (font (size 1 1) (thickness 0.15)))
    )
    (fp_text user %R (at 0 0) (layer F.Fab)
      (effects (font (size 0.4 0.4) (thickness 0.06)))
    )
    (fp_line (start 1.65 0.73) (end -1.65 0.73) (layer F.CrtYd) (width 0.05))
    (fp_line (start 1.65 -0.73) (end 1.65 0.73) (layer F.CrtYd) (width 0.05))
    (fp_line (start -1.65 -0.73) (end 1.65 -0.73) (layer F.CrtYd) (width 0.05))
    (fp_line (start -1.65 0.73) (end -1.65 -0.73) (layer F.CrtYd) (width 0.05))
    (fp_line (start -0.171267 0.51) (end 0.171267 0.51) (layer F.SilkS) (width 0.12))
    (fp_line (start -0.171267 -0.51) (end 0.171267 -0.51) (layer F.SilkS) (width 0.12))
    (fp_line (start 0.8 0.4) (end -0.8 0.4) (layer F.Fab) (width 0.1))
    (fp_line (start 0.8 -0.4) (end 0.8 0.4) (layer F.Fab) (width 0.1))
    (fp_line (start -0.8 -0.4) (end 0.8 -0.4) (layer F.Fab) (width 0.1))
    (fp_line (start -0.8 0.4) (end -0.8 -0.4) (layer F.Fab) (width 0.1))
    (pad 2 smd roundrect (at 0.875 0) (size 1.05 0.95) (layers F.Cu F.Paste F.Mask) (roundrect_rratio 0.25)
      (net 1 GND))
    (pad 1 smd roundrect (at -0.875 0) (size 1.05 0.95) (layers F.Cu F.Paste F.Mask) (roundrect_rratio 0.25)
      (net 3 VBUS))
    (model ${KISYS3DMOD}/Capacitor_SMD.3dshapes/C_0603_1608Metric.wrl
      (at (xyz 0 0 0))
      (scale (xyz 1 1 1))
      (rotate (xyz 0 0 0))
    )
  )

  (module Capacitor_SMD:C_0603_1608Metric_Pad1.05x0.95mm_HandSolder (layer F.Cu) (tedit 5B301BBE) (tstamp 5E0D9FE6)
    (at 250.545001 77.005001)
    (descr "Capacitor SMD 0603 (1608 Metric), square (rectangular) end terminal, IPC_7351 nominal with elongated pad for handsoldering. (Body size source: http://www.tortai-tech.com/upload/download/2011102023233369053.pdf), generated with kicad-footprint-generator")
    (tags "capacitor handsolder")
    (path /5EC33E3D/5E45C9C4)
    (attr smd)
    (fp_text reference C12 (at 0 -1.43) (layer F.SilkS)
      (effects (font (size 1 1) (thickness 0.15)))
    )
    (fp_text value 0.1μF (at 0 1.43) (layer F.Fab)
      (effects (font (size 1 1) (thickness 0.15)))
    )
    (fp_text user %R (at 0 0) (layer F.Fab)
      (effects (font (size 0.4 0.4) (thickness 0.06)))
    )
    (fp_line (start 1.65 0.73) (end -1.65 0.73) (layer F.CrtYd) (width 0.05))
    (fp_line (start 1.65 -0.73) (end 1.65 0.73) (layer F.CrtYd) (width 0.05))
    (fp_line (start -1.65 -0.73) (end 1.65 -0.73) (layer F.CrtYd) (width 0.05))
    (fp_line (start -1.65 0.73) (end -1.65 -0.73) (layer F.CrtYd) (width 0.05))
    (fp_line (start -0.171267 0.51) (end 0.171267 0.51) (layer F.SilkS) (width 0.12))
    (fp_line (start -0.171267 -0.51) (end 0.171267 -0.51) (layer F.SilkS) (width 0.12))
    (fp_line (start 0.8 0.4) (end -0.8 0.4) (layer F.Fab) (width 0.1))
    (fp_line (start 0.8 -0.4) (end 0.8 0.4) (layer F.Fab) (width 0.1))
    (fp_line (start -0.8 -0.4) (end 0.8 -0.4) (layer F.Fab) (width 0.1))
    (fp_line (start -0.8 0.4) (end -0.8 -0.4) (layer F.Fab) (width 0.1))
    (pad 2 smd roundrect (at 0.875 0) (size 1.05 0.95) (layers F.Cu F.Paste F.Mask) (roundrect_rratio 0.25)
      (net 1 GND))
    (pad 1 smd roundrect (at -0.875 0) (size 1.05 0.95) (layers F.Cu F.Paste F.Mask) (roundrect_rratio 0.25)
      (net 3 VBUS))
    (model ${KISYS3DMOD}/Capacitor_SMD.3dshapes/C_0603_1608Metric.wrl
      (at (xyz 0 0 0))
      (scale (xyz 1 1 1))
      (rotate (xyz 0 0 0))
    )
  )

  (module Capacitor_SMD:C_0603_1608Metric_Pad1.05x0.95mm_HandSolder (layer F.Cu) (tedit 5B301BBE) (tstamp 5E0D9FF7)
    (at 246.195001 82.025001)
    (descr "Capacitor SMD 0603 (1608 Metric), square (rectangular) end terminal, IPC_7351 nominal with elongated pad for handsoldering. (Body size source: http://www.tortai-tech.com/upload/download/2011102023233369053.pdf), generated with kicad-footprint-generator")
    (tags "capacitor handsolder")
    (path /5EC33E3D/5E45B6D6)
    (attr smd)
    (fp_text reference C13 (at 0 -1.43) (layer F.SilkS)
      (effects (font (size 1 1) (thickness 0.15)))
    )
    (fp_text value 0.47μF (at 0 1.43) (layer F.Fab)
      (effects (font (size 1 1) (thickness 0.15)))
    )
    (fp_line (start -0.8 0.4) (end -0.8 -0.4) (layer F.Fab) (width 0.1))
    (fp_line (start -0.8 -0.4) (end 0.8 -0.4) (layer F.Fab) (width 0.1))
    (fp_line (start 0.8 -0.4) (end 0.8 0.4) (layer F.Fab) (width 0.1))
    (fp_line (start 0.8 0.4) (end -0.8 0.4) (layer F.Fab) (width 0.1))
    (fp_line (start -0.171267 -0.51) (end 0.171267 -0.51) (layer F.SilkS) (width 0.12))
    (fp_line (start -0.171267 0.51) (end 0.171267 0.51) (layer F.SilkS) (width 0.12))
    (fp_line (start -1.65 0.73) (end -1.65 -0.73) (layer F.CrtYd) (width 0.05))
    (fp_line (start -1.65 -0.73) (end 1.65 -0.73) (layer F.CrtYd) (width 0.05))
    (fp_line (start 1.65 -0.73) (end 1.65 0.73) (layer F.CrtYd) (width 0.05))
    (fp_line (start 1.65 0.73) (end -1.65 0.73) (layer F.CrtYd) (width 0.05))
    (fp_text user %R (at 0 0) (layer F.Fab)
      (effects (font (size 0.4 0.4) (thickness 0.06)))
    )
    (pad 1 smd roundrect (at -0.875 0) (size 1.05 0.95) (layers F.Cu F.Paste F.Mask) (roundrect_rratio 0.25)
      (net 3 VBUS))
    (pad 2 smd roundrect (at 0.875 0) (size 1.05 0.95) (layers F.Cu F.Paste F.Mask) (roundrect_rratio 0.25)
      (net 1 GND))
    (model ${KISYS3DMOD}/Capacitor_SMD.3dshapes/C_0603_1608Metric.wrl
      (at (xyz 0 0 0))
      (scale (xyz 1 1 1))
      (rotate (xyz 0 0 0))
    )
  )

